63960

63533

64720

63730

63123

64401

64830

64402

65601

63430

63655

64420

63001

63740

65466

64001

64620

63732

65606

64421

65069

64422

64722

64723

63431

64831

63330

63620

63820

63052

65540

63769

64724

63787

63432

63442

63740

63821

63621

64725

65603

65247

65001

65230

63010

64844

65320

64832

65263

65604

63433

63960

65010

63453

63465

63530

63343

63332

64037

65605

65026

64725

65231

65608

64601

64833

64117

65058

65085

65231

65026

65350

63556

65609

63011

63021

63022

63024

63531

64423

63530

65011

63012

64011

65619

65350

63013

63121

63121

63622

63735

63125

65013

64801

63137

63121

63623

63333

64012

65066

65433

63931

63736

65232

63014

63134

63140

63822

65565

63823

65723

64424

63434

65436

63121

63532

63531

63775

63655

65550

63363

64437

65610

65233

65438

64161

63624

65439

63625

63033

63301

65321

65322

63626

64726

65014

65062

63824

63825

63627

65611

64013

64014

64015

65069

64426

63873

64622

65612

64427

65613

65727

63628

65016

65250

65233

65440

64623

64844

65441

63334

63556

65614

63827

63826

65786

65688

65615

65616

65737

63533

64624

63737

65109

64625

63114

63144

63775

63931

63044

63045

63044

65617

64642

65443

63379

65618

64728

64628

65619

64836

63932

64630

65610

65202

63738

65017

65620

65236

65066

63655

65583

64631

64016

65444

63361

65622

65616

65237

63629

63739

63135

64428

63556

64730

65623

65281

65013

65689

63630

64632

65239

63631

65323

65018

65042

63534

63135

65251

64017

64018

65020

64429

63383

64772

63933

63068

63090

65014

63828

63435

65624

63701

63702

63703

65607

63348

65707

63829

64834

65251

64633

64835

64836

63857

63830

64836

63632

65041

65623

65625

63015

63833

65626

65022

65746

63016

65590

65627

65046

63436

65023

64019

63633

64801

65240

65629

63740

63369

65024

63535

63114

63834

63437

65446

63005

63006

63017

65630

63965

64733

64601

64635

65483

63437

65243

65233

65025

64430

63005

63017

63336

63837

63401

64119

63105

63124

64431

63670

65014

64734

65631

65244

65324

64735

63090

63934

64432

63535

63645

64636

63670

63964

65325

65247

64738

63531

63563

65201

65202

65203

65205

65211

65212

65215

65216

65217

65218

65299

63742

64433

64434

64020

63559

63838

65632

65449

65014

63839

63556

64021

64437

63633

63377

64436

63338

65237

63830

65690

63136

65565

64637

64437

65633

64739

63025

63126

65351

63141

65452

65634

63775

63019

63131

64024

65453

63339

63334

65635

63743

65246

64776

63361

63366

63366

65259

64438

63379

65456

64638

64440

63020

64639

64439

64740

65201

63447

64741

63840

63341

63135

63136

63744

64441

63636

63122

63131

63601

63020

63068

65457

63841

64840

63834

65636

63068

63023

65063

65459

63637

63935

65637

65560

64022

63536

65066

65301

64742

65638

63936

64841

65761

65461

63437

65351

65640

64801

63438

63745

63342

65641

64442

63045

65203

64743

63845

64443

63965

63530

65462

64444

63537

63134

65326

64744

65026

65072

65463

65464

65753

63383

65201

65644

63638

65444

63011

63021

63038

63937

63538

64062

64445

65321

63343

65109

63601

63461

63439

65466

65327

65074

63344

65082

64020

63846

63601

65274

63539

63369

63014

65031

65645

65032

65468

63025

65552

65646

63440

65247

64024

64024

65647

63938

65648

65649

63939

64446

63474

64447

64842

65470

63345

64028

63640

63746

64448

65248

63332

63026

63099

63135

63136

63145

64163

63028

64836

64449

64804

65721

63940

63601

63653

65650

63030

63346

63136

65329

65283

63031

63032

63033

63034

63347

65085

65652

64451

65281

63446

63348

65653

65473

64088

64437

65034

64745

65049

63601

65016

63441

65250

65061

63645

63837

65035

65024

64746

65654

63941

63036

63747

65355

63748

63131

65251

65655

65624

65656

64640

65779

64641

63333

64747

65657

63965

65036

65061

63942

64453

64402

65301

63037

63540

63847

63848

65330

64642

63385

63750

65560

64116

64118

64119

64155

64156

64165

64166

65254

63137

63751

63038

63122

65084

63541

63646

63849

63539

65658

64748

63539

65233

63120

63623

64843

65659

63701

63752

63543

65275

65068

64454

65660

64455

64029

64844

64801

65339

63943

64030

63442

64456

65275

63753

63655

65037

65038

63039

63850

65707

63565

63544

63545

63462

65332

63730

63133

65661

63531

63546

65020

63944

64034

65616

65464

63040

65662

63041

64457

63005

64747

65063

63437

65020

64643

65663

65255

65664

64644

65251

63133

63401

65666

64035

65201

64645

65256

64701

64865

65039

65479

65667

64788

63303

63945

64750

63456

65326

64458

65231

63349

65459

63851

63851

63873

63736

63771

63042

63043

63044

63045

63135

64459

63047

64490

65040

64036

63048

65041

65668

65040

65257

64037

65559

63350

65042

63049

63775

65669

63050

65202

63947

65712

63025

63852

64040

63853

65258

65672

65673

64048

65043

64024

63879

65101

65061

63660

64461

63070

63855

64865

64751

63965

63051

65483

64151

65333

63869

65484

65334

65052

65674

64752

64646

63443

63401

63131

65203

65259

63547

65675

64759

65486

63401

63052

63053

64050

64051

64052

64053

64054

64055

64056

64057

64058

63456

65236

65466

63390

65335

64801

63650

63648

63650

64759

65676

63755

65260

65501

64647

64648

65046

64856

63080

64755

65101

65102

65103

65104

65105

65106

65107

65108

65109

65110

65111

65605

63136

64756

65529

63351

64801

64802

64803

63385

63645

63445

65047

63301

63301

63301

64101

64102

64105

64106

64108

64109

64110

64111

64112

64113

64114

64116

64117

64118

64119

64120

64121

64123

64124

64125

64126

64127

64128

64129

64130

64131

64132

64133

64134

64136

64137

64138

64139

64141

64142

64144

64145

64146

64147

64148

64149

64150

64151

64152

64153

64154

64155

64156

64157

64158

64160

64161

64163

64164

64165

64166

64167

64168

64170

64171

64172

64173

64179

64180

64183

64184

64185

64187

64188

64189

64190

64191

64192

64193

64194

64195

64196

64197

64198

64199

64944

64999

64117

63534

64060

63758

64836

63857

63547

63532

63860

65261

64649

65686

63053

63960

64463

65262

64650

64061

63140

65679

63501

63122

65680

65018

63651

65305

65336

63446

65048

65013

65692

63447

63448

65337

63549

64848

63055

64651

63352

63124

65065

63016

64746

63040

63670

64076

64063

64086

65049

63367

63357

65532

64015

64640

64151

64034

65026

63468

64801

65737

65338

64759

63736

63145

65233

65681

64847

63548

65013

64446

65775

65534

64652

65050

64465

64747

65037

65038

64062

63601

63653

65535

65536

65540

64063

63453

64064

64065

64081

64082

64086

64761

63125

63565

65541

63450

63451

63760

63056

63654

64066

65323

63452

64067

64762

64068

64069

63640

65542

63333

63057

63862

65338

65202

65742

65051

65052

64653

63775

63551

64654

65682

63547

63950

65053

65237

64070

63060

65590

65761

63775

65301

65334

65054

63113

65685

63353

63559

63951

64763

64655

64656

63060

63061

65046

63764

65016

65543

63068

63373

65786

65702

63552

65263

63436

64466

63863

65339

63011

63021

63088

65711

65704

63065

65560

63143

63764

64658

65023

65705

63655

65340

65340

65706

63866

63357

64147

65264

63559

63565

64467

65616

65084

63369

63043

65032

64468

63341

63867

63437

63010

64469

64071

63454

63776

65701

64657

63763

65055

65203

64657

65041

64659

63445

63129

63555

64660

63565

64661

63538

65740

65058

64765

65265

65344

63656

65263

63359

63559

65202

63556

65679

64766

63952

63501

63645

65707

65251

63766

63377

64767

65679

64769

63645

63361

63801

63660

65024

64671

64072

65270

65059

63136

65708

63401

63456

63361

63361

63457

65546

65591

64770

65336

65777

64664

65345

63868

64836

63767

65036

65061

65645

65710

63066

64073

63362

63084

64470

64771

65325

64481

65062

65712

65711

65548

63026

65202

65261

65778

63545

64074

65340

63953

65470

64849

63954

65347

64850

64853

64772

65063

63557

63558

63363

65274

63736

64471

63359

63068

63343

63459

63869

63365

63661

63381

63732

63458

65550

64853

64667

65713

63501

65714

65715

64854

64668

63121

63137

63138

64116

63862

63566

63121

65717

65762

63460

63559

63532

63366

63367

64075

63769

63122

64118

63129

63625

65761

64076

63366

63379

63770

65355

63630

63369

65014

65066

65720

65064

63132

63370

63020

63771

63301

64473

64855

64077

65065

65101

65101

65101

64474

64776

65348

63052

63114

65233

63556

65066

65466

63955

65721

63055

63069

63133

63772

65552

63461

65338

64089

65275

63601

63653

63775

64151

64152

63870

64475

63121

63121

63871

64777

63956

63662

64670

65013

63336

63080

65788

63848

63465

64078

63383

63545

63774

63462

63747

63775

63776

63783

65061

65250

63070

63463

65722

64476

63957

65723

65201

65276

63663

63120

64856

65237

65724

63530

65552

64079

64151

64477

64080

65725

64068

63464

63779

65726

63873

65727

63560

64671

65789

65728

63038

63040

65729

63901

63902

63373

63873

65067

63664

65790

65730

65731

64672

63935

64780

65281

65068

63344

65202

65732

63363

64673

64801

65733

64857

64674

65734

63559

63960

63561

65735

64478

63938

63961

64858

65355

63740

64117

64161

64479

65555

64083

64129

64133

64138

64084

64480

65067

65014

63665

64801

64859

65737

65077

63556

65278

63401

65738

63465

63666

65069

65035

64779

64778

65556

64085

63117

63071

65739

64481

65284

63874

63601

64150

64151

64168

65265

65606

63137

63875

65787

65230

63042

63072

65557

65279

63119

64482

65740

65741

63740

64780

64861

65072

63670

65742

65401

65402

65409

63962

65559

64781

63091

63650

64483

64676

65466

65240

65243

65744

65280

64484

65074

63563

65559

64864

65326

63073

63074

63074

64628

63301

63302

63303

63304

63077

63334

65075

63430

65559

63114

64501

64502

64503

64504

64505

64506

64507

64508

63101

63102

63103

63104

63105

63106

63107

63108

63109

63110

63111

63112

63113

63114

63115

63116

63117

63118

63119

63120

63121

63122

63123

63124

63125

63126

63127

63128

63129

63130

63131

63132

63133

63134

63135

63136

63137

63138

63139

63140

63141

63143

63144

63145

63146

63147

63150

63151

63155

63156

63157

63158

63160

63163

63164

63166

63167

63169

63171

63177

63178

63179

63180

63182

63188

63195

63196

63197

63198

63199

65109

63673

63466

63366

63303

63304

63376

65584

65076

63670

65560

65349

65281

65351

63462

63563

65046

65282

65203

63126

63127

63128

64862

64485

63467

64783

63332

65101

63764

64836

63780

65301

65302

63781

65745

63876

64865

63775

65746

65560

65349

65202

63468

63469

64784

65747

64486

63021

63559

63963

63119

64088

63544

63801

63377

63934

63964

65616

63775

65483

64487

65613

65349

65560

64834

65350

64089

65286

65564

63556

65773

65776

63549

65752

63461

63301

63965

64863

63401

63138

65753

65233

63501

64679

65754

63080

65032

63501

65721

65742

65801

65802

65803

65804

65805

65806

65807

65808

65809

65810

65814

65817

65890

65898

65899

65301

63660

65755

63559

64489

63079

64866

65069

65077

63877

65565

65566

63447

64867

65202

64680

64490

65785

64801

63660

63068

64752

65756

65567

65283

65078

65757

63080

64090

64834

65275

63782

65284

63546

65570

64054

63080

63052

65013

65571

64681

65079

63127

65572

65351

65041

65760

65354

64780

63878

65759

64448

65101

64491

63334

63471

65080

65760

65438

65791

65761

65244

65438

65285

65762

63674

64868

64735

65560

63025

64682

65081

63452

63011

63017

63131

64079

63378

64683

64492

65286

63379

63383

63383

63381

65764

65765

64493

65082

63021

63088

65464

65483

65766

65083

63084

65610

64494

63783

63565

64063

64064

64065

63105

63124

63130

65767

65270

64788

64686

63020

63087

65336

63088

63965

65058

63382

65265

63784

65768

63121

63334

65769

65084

65566

65580

65582

63042

63089

65049

64118

65756

63114

65747

64789

63675

64869

65043

64687

64092

64790

65770

65771

63966

63879

65101

64093

63383

65355

63122

65772

63090

65773

64496

64096

63472

65583

64497

64152

64153

65774

64870

63119

63558

63670

63304

63304

64097

63112

63133

63384

64873

63385

65586

63386

63146

63401

65466

64734

65775

65776

63471

64498

64098

65085

65779

64874

64688

65355

65305

63880

63387

63785

63005

63011

63021

63025

63038

63040

63069

65781

63388

63473

63967

63546

65793

65039

63011

63021

65360

65783

63389

63566

65588

64689

64484

65355

63401

63461

63748

63881

63645

64024

63461

65256

65263

65279

63134

65247

65287

64499

63567

63390

63474

63882

63501

65257

63559

63775

65589

63787

65784

63670